-2.59737  -0.0296627
-2.57552  -0.0677842
-2.56501  -0.105733
-2.54387  -0.142677
-2.51912  -0.178667
-2.49477  -0.213937
-2.47879  -0.249475
-2.4543  -0.283438
-2.44409  -0.318911
-2.42441  -0.352586
-2.41204  -0.387168
-2.38539  -0.41857
-2.36802  -0.451371
-2.35498  -0.484885
-2.33751  -0.517062
-2.3301  -0.551767
-2.30677  -0.581754
-2.2887  -0.612927
-2.2777  -0.646222
-2.26048  -0.677291
-2.23715  -0.705828
-2.22826  -0.739693
-2.21783  -0.773075
-2.19032  -0.799062
-2.177  -0.831031
-2.16492  -0.863648
-2.11566  -0.870953
-2.15046  -0.895195
-2.1014  -0.906773
-2.12749  -0.922307
-2.08846  -0.942799
-2.11638  -0.95563
-2.09856  -0.985369
-2.07587  -0.978831
-2.08281  -1.01631
-2.04742  -1.00972
-2.06226  -1.04437
-2.03179  -1.04432
-2.05554  -1.08123
-2.01841  -1.07959
-2.04639  -1.11705
-2.00536  -1.11495
-2.0176  -1.13977
-1.99447  -1.1512
-2.00475  -1.17351
-1.98294  -1.18729
-1.98001  -1.19878
-1.95794  -1.21759
-1.96912  -1.23456
-1.94975  -1.25523
-1.95122  -1.26531
-1.92193  -1.28372
-1.93197  -1.29518
-1.90622  -1.31782
-1.91669  -1.32867
-1.89168  -1.35259
-1.90296  -1.36403
-1.8695  -1.3833
-1.88479  -1.39591
-1.85985  -1.42098
-1.86958  -1.43103
-1.83742  -1.45148
-1.85147  -1.46393
-1.82301  -1.48679
-1.83755  -1.50164
-1.80708  -1.52139
-1.81659  -1.53276
-1.78718  -1.55355
-1.79634  -1.56508
-1.77164  -1.5888
-1.77276  -1.59415
-1.75866  -1.62621
-1.75764  -1.63356
-1.7369  -1.65756
-1.74156  -1.67293
-1.71618  -1.68976
-1.7239  -1.71144
-1.69642  -1.72289
-1.70048  -1.74347
-1.67833  -1.75765
-1.67989  -1.78004
-1.66183  -1.79416
-1.66477  -1.8254
-1.64755  -1.83319
-1.64059  -1.8592
-1.628  -1.86808
-1.61726  -1.89521
-1.61064  -1.9055
-1.59625  -1.93605
-1.59104  -1.94137
-1.57264  -1.97416
-1.56999  -1.97631
-1.54614  -2.00881
-1.55159  -2.01808
-1.52703  -2.0469
-1.5323  -2.0671
-1.50903  -2.08707
-1.5055  -2.10459
-1.49204  -2.12943
-1.48324  -2.15244
-1.53475  -2.24606
-1.50884  -2.28223
-1.49588  -2.27371
-1.49242  -2.33161
-1.48628  -2.35714
-1.46764  -2.37132
-1.4581  -2.40535
-1.44309  -2.41239
-1.43015  -2.45696
-1.42374  -2.46231
-1.4009  -2.50884
-1.40224  -2.51202
-1.3758  -2.55351
-1.37416  -2.57057
-1.35164  -2.60137
-1.34263  -2.6242
-1.32723  -2.65079
-1.31248  -2.686
-1.30298  -2.70264
-1.27922  -2.74373
-1.27543  -2.75082
-1.24934  -2.80409
-1.24571  -2.80589
-1.22001  -2.85357
-1.21197  -2.87345
-1.19403  -2.91272
-1.1647  -2.96807
-1.13105  -3.01674
-1.0741  -3.01133
-1.02386  -3.0206
-0.992299  -3.07959
-0.960312  -3.14206
-0.91956  -3.18334
-0.856916  -3.15719
-0.796593  -3.13356
-0.754974  -3.17334
-0.557003  -2.6009
-0.598692  -2.95512
-0.567112  -3.02992
-0.260429  -1.73224
-0.23554  -1.73289
-0.20991  -1.72815
-0.184808  -1.72493
-0.160391  -1.72522
-0.134721  -1.71315
-0.110073  -1.70658
-0.0862923  -1.70755
-0.0620068  -1.69912
-0.0378512  -1.68526
-0.014484  -1.68396
0.00879716  -1.68826
0.0320072  -1.67616
0.0547624  -1.66266
0.077148  -1.65076
0.100377  -1.65745
0.122863  -1.65177
0.14357  -1.62978
0.168606  -1.65017
0.189666  -1.63539
0.210866  -1.62422
0.234444  -1.62849
0.255802  -1.61954
0.276711  -1.60926
0.297998  -1.60156
0.321238  -1.60225
0.343568  -1.59864
0.365865  -1.59463
0.386393  -1.58447
0.408808  -1.58065
0.426701  -1.56316
0.452895  -1.5699
0.474131  -1.56206
0.494856  -1.55292
0.518884  -1.55173
0.539793  -1.54274
0.56473  -1.54247
0.586774  -1.53539
0.609639  -1.52968
0.632944  -1.52442
0.654321  -1.5152
0.679536  -1.51253
0.699225  -1.49989
0.72657  -1.49967
0.865387  -1.73703
0.743833  -1.48286
0.922943  -1.81809
0.774065  -1.48575
0.801765  -1.48382
0.912015  -1.67589
0.899611  -1.653
0.827874  -1.47883
0.92594  -1.63431
0.846866  -1.46366
0.887578  -1.5091
0.954032  -1.62185
1.01713  -1.70675
0.872923  -1.45766
1.02158  -1.70414
0.913891  -1.49986
1.08181  -1.76863
1.05455  -1.71422
0.90591  -1.45966
1.09358  -1.71081
0.928991  -1.44854
0.95783  -1.44378
1.10073  -1.64672
0.985716  -1.45448
0.984114  -1.43535
1.1105  -1.59291
1.00775  -1.43462
1.17624  -1.66625
1.01378  -1.43001
1.06563  -1.49678
1.14129  -1.58606
1.20277  -1.64595
1.04771  -1.42829
1.17659  -1.58754
1.06498  -1.40867
1.20852  -1.58509
1.19956  -1.5644
1.09907  -1.40552
1.21086  -1.5208
1.20867  -1.51748
1.13409  -1.40219
1.24081  -1.51198
1.22842  -1.4898
1.1671  -1.39593
1.26302  -1.4897
1.25441  -1.47405
1.19196  -1.38158
1.28735  -1.47136
1.27806  -1.45442
1.22812  -1.37638
1.31675  -1.46103
1.30499  -1.44038
1.26212  -1.36832
1.34661  -1.45094
1.31868  -1.40568
1.30093  -1.3631
1.37355  -1.43616
1.3409  -1.38509
1.41141  -1.43627
1.33912  -1.35623
1.36041  -1.36087
1.43517  -1.4163
1.37746  -1.34833
1.38522  -1.34452
1.4696  -1.41014
1.40939  -1.33477
1.41814  -1.33893
1.51355  -1.41489
1.45424  -1.33655
1.44788  -1.3249
1.54966  -1.40856
1.49307  -1.33645
1.58327  -1.39836
1.49981  -1.32276
1.513  -1.31237
1.6249  -1.39635
1.53772  -1.31002
1.54877  -1.30692
1.65865  -1.38452
1.58589  -1.30248
1.58069  -1.29617
1.69445  -1.3741
1.62006  -1.29277
1.61957  -1.28498
1.74086  -1.37347
1.65691  -1.28551
1.77472  -1.35911
1.66881  -1.27538
1.68893  -1.2724
1.82309  -1.35765
1.72084  -1.26577
1.73092  -1.26833
1.86293  -1.34686
1.76514  -1.25566
1.77303  -1.25461
1.91488  -1.34562
1.81192  -1.25361
1.95577  -1.3333
1.82444  -1.24146
1.83947  -1.23319
2.00987  -1.33069
1.87682  -1.22722
1.89272  -1.23413
2.04234  -1.3093
1.92705  -1.2178
1.93289  -1.21306
2.02593  -1.25035
1.96913  -1.20684
1.99821  -1.20114
2.02324  -1.20384
1.94903  -1.14932
2.06722  -1.19166
2.06276  -1.18683
1.87077  -1.05254
2.10636  -1.17486
2.01229  -1.10983
2.12647  -1.17015
2.11564  -1.13684
1.99043  -1.05423
2.19771  -1.15427
2.13584  -1.10653
2.04903  -1.05937
1.93751  -0.981115
2.04877  -1.01968
2.06572  -1.02085
2.02685  -0.994929
2.2018  -1.05991
2.16712  -1.01727
1.94875  -0.908211
1.99412  -0.925904
3.72858  -1.71808
2.08601  -0.951216
1.97203  -0.889507
2.06194  -0.898538
1.91153  -0.82087
2.02862  -0.842759
2.16824  -0.877949
1.94114  -0.767488
2.25302  -0.880725
2.13812  -0.826212
2.04971  -0.745111
1.99445  -0.724494
2.17242  -0.76679
1.98736  -0.682019
2.15409  -0.722421
2.0787  -0.68786
2.01631  -0.633126
2.02624  -0.631841
2.21667  -0.67252
2.1464  -0.648045
2.16316  -0.61893
2.04665  -0.573607
2.20891  -0.599079
2.22704  -0.603706
2.26023  -0.579586
2.21607  -0.564357
2.25954  -0.543469
2.0839  -0.488381
2.22728  -0.499197
2.20131  -0.490201
2.19116  -0.455487
2.20731  -0.457707
2.25539  -0.435939
2.17844  -0.418878
2.29936  -0.411728
2.16402  -0.382644
2.2971  -0.376211
2.14497  -0.34627
2.27162  -0.336452
2.11831  -0.309448
2.24141  -0.297003
2.09487  -0.274299
2.22718  -0.261435
2.08064  -0.241482
2.20734  -0.225755
2.07274  -0.210117
2.16995  -0.188735
2.05035  -0.177605
2.15669  -0.155791
2.02735  -0.145941
2.01673  -0.116073
2.13287  -0.122477
1.99859  -0.0862384
2.1184  -0.0907806
1.97992  -0.0570734
2.09438  -0.0591395
1.97672  -0.0289064
2.07978  -0.0287553
1.95004  -0.00081256
2.05265  0.00133663
0.371041  0.00308267
0.371041  0.00308267
1.93486  0.0265199
2.027  0.0304557
1.92022  0.0533542
2.01883  0.0589278
1.90513  0.0796848
2.00118  0.0868271
1.88859  0.105437
1.98007  0.11397
1.87462  0.130889
1.9585  0.140391
1.86221  0.156089
1.95344  0.167514
0.389009  0.0354675
0.389009  0.0354675
0.389009  0.0354675
1.85931  0.18209
1.92205  0.191854
1.82426  0.203661
1.9161  0.218228
1.82153  0.229146
1.89089  0.241857
1.80948  0.253056
1.87816  0.266656
1.79508  0.276238
1.85813  0.28988
1.77835  0.298583
1.85052  0.314917
1.77493  0.323543
1.84053  0.339357
1.75747  0.345121
1.82623  0.362645
1.75032  0.369008
1.80573  0.384094
1.75238  0.395483
1.7917  0.406719
1.73671  0.416921
1.77635  0.428688
1.71691  0.436705
1.76257  0.450814
1.7044  0.458511
1.77035  0.479621
1.6859  0.477975
1.75103  0.499789
1.68302  0.502986
1.73519  0.520775
1.66853  0.523572
1.71904  0.541351
1.66017  0.546525
1.70351  0.561884
1.64774  0.567727
1.69688  0.585908
1.67336  0.602591
1.63769  0.589922
1.67143  0.628698
1.63086  0.613683
1.65638  0.648811
1.61644  0.63377
1.64013  0.668128
1.60878  0.657278
1.62978  0.690334
1.5963  0.678296
1.61291  0.708996
1.58086  0.697586
1.60357  0.731745
1.57456  0.722184
1.59638  0.75591
1.56692  0.746245
1.57683  0.772654
1.54369  0.760492
1.55827  0.783626
1.55657  0.782826
1.57807  0.802487
1.53777  0.785856
1.54408  0.808955
1.54139  0.807966
1.55453  0.816442
1.53131  0.811243
1.54483  0.839519
1.5381  0.836519
1.52773  0.833282
1.51217  0.827854
1.52981  0.858983
1.52972  0.863395
1.51937  0.860091
1.5032  0.851843
1.51606  0.879367
1.49295  0.875154
1.50573  0.884962
1.50203  0.883847
1.50906  0.905041
1.48379  0.89962
1.49557  0.910927
1.48526  0.907488
1.49059  0.921948
1.47719  0.926594
1.48403  0.936743
1.47936  0.934563
1.47879  0.944241
1.45863  0.943795
1.47299  0.961886
1.46552  0.959429
1.46731  0.967044
1.45247  0.971975
1.45506  0.984505
1.45404  0.984746
1.46057  0.99439
1.44126  0.996142
1.44214  1.00984
1.43771  1.00708
1.44074  1.01023
1.42665  1.01744
1.43363  1.03554
1.4315  1.03605
1.4289  1.03429
1.41517  1.04206
1.4236  1.06143
1.41956  1.05973
1.41794  1.05978
1.39897  1.06227
1.40222  1.07828
1.40507  1.08312
1.40387  1.08374
1.38853  1.08881
1.41098  1.11744
2.17203  1.72103
1.39344  1.10601
2.16458  1.71846
1.3885  1.10695
1.38486  1.12345
2.17669  1.77726
2.17681  1.77955
1.37729  1.12634
1.39334  1.13964
1.38678  1.13755
1.36844  1.14474
2.1842  1.83684
2.17759  1.8348
1.36403  1.1502
1.37796  1.16295
1.37747  1.16434
1.34836  1.16197
1.34636  1.16934
1.35961  1.18442
1.35906  1.18591
1.3444  1.19902
1.87419  1.67731
1.3378  1.19983
1.86185  1.67125
2.12357  1.90653
2.11938  1.90624
1.324  1.21661
1.32289  1.22328
1.30927  1.24896
1.78739  1.71217
1.78319  1.7119
1.28972  1.26726
1.27961  1.29914
1.46271  1.49785
1.43268  1.48639
1.4253  1.48369
1.26247  1.32194
1.40595  1.47334
1.3532  1.45145
1.32181  1.438
1.31289  1.43402
1.30262  1.42985
2.22404  2.44948
1.26002  1.41795
1.41991  1.61235
1.22077  1.3925
1.21727  1.39296
1.21089  1.39303
1.36561  1.58779
1.16993  1.37893
1.31145  1.5601
1.13614  1.35624
1.12805  1.35282
1.12826  1.36122
1.26359  1.53966
1.10235  1.36135
1.10323  1.36591
1.21771  1.51977
1.11199  1.38834
1.08928  1.38462
1.09371  1.3927
1.17279  1.49875
1.09546  1.41619
1.08223  1.41397
1.12932  1.47751
1.07782  1.41393
1.08507  1.45162
1.0795  1.44657
1.06952  1.43844
1.06649  1.43985
1.05472  1.45179
1.05977  1.46637
1.06434  1.47572
1.06906  1.4904
1.04937  1.49428
1.04758  1.49727
1.04546  1.49786
1.05077  1.51969
1.03564  1.51919
1.03375  1.52226
1.02732  1.52656
1.03638  1.55983
1.0253  1.54849
1.02266  1.55088
1.0061  1.54951
1.01103  1.57394
1.00766  1.57564
1.01816  1.59343
1.00376  1.60856
0.995116  1.60015
0.999063  1.60877
1.00184  1.63433
0.991884  1.63857
0.985287  1.63645
0.972545  1.62363
0.980472  1.67013
0.987394  1.68358
0.974477  1.66881
0.955248  1.66379
0.967078  1.70006
0.961658  1.69955
0.965513  1.71581
0.955242  1.73319
0.937348  1.70573
0.953824  1.73842
0.945182  1.75538
0.938609  1.76051
0.93369  1.76086
0.916382  1.7418
0.921861  1.7885
0.926301  1.80336
0.919632  1.79307
0.897107  1.78724
0.908683  1.82309
0.905801  1.82689
0.906751  1.85408
0.894058  1.8568
0.892624  1.86322
0.87803  1.88957
0.874431  1.89262
0.863079  1.92572
0.86085  1.93144
0.846187  1.96004
0.842873  1.96407
0.826075  1.98979
0.826762  2.00189
0.812684  2.03457
0.807823  2.03603
0.793297  2.06942
0.791349  2.07724
0.777856  2.11504
0.772863  2.11655
0.755944  2.14867
0.750885  2.15021
0.739892  2.19874
0.736652  2.20493
0.721958  2.24784
0.71893  2.25502
0.69356  2.27246
0.691748  2.28345
0.661237  2.28721
0.653607  2.28223
0.639537  2.33467
0.632265  2.33062
0.614902  2.37716
0.607956  2.37405
0.589535  2.4213
0.588455  2.43835
0.567791  2.48349
0.562966  2.48809
0.539642  2.52809
0.535676  2.53659
0.512846  2.58402
0.509373  2.59549
0.487005  2.65236
0.47949  2.64629
0.456605  2.70868
0.449154  2.70259
0.423855  2.76167
0.41806  2.76443
0.391949  2.83002
0.386222  2.83377
0.358925  2.90587
0.352662  2.90667
0.32287  2.97733
0.31655  2.97814
0.2854  3.05724
0.279453  3.06202
0.245962  3.14458
0.239797  3.14837
0.203489  3.23033
0.197286  3.23513
0.158542  3.32341
0.152266  3.32921
0.110867  3.42776
0.104482  3.43456
0.0584588  3.47632
0.0519752  3.48612
0.00419013  3.46297
-0.00256282  3.45377
-0.0493804  3.43368
-0.00596043  0.369994
-0.0561087  3.43148
-0.102305  3.41547
-0.108842  3.40726
-0.0124636  0.36781
-0.153871  3.38136
-0.161087  3.38914
-0.205606  3.36635
-0.212396  3.36513
-0.256611  3.34746
-0.26241  3.33428
-0.305904  3.31676
-0.311813  3.30658
-0.354321  3.28626
-0.361632  3.289
-0.403125  3.26487
-0.409569  3.26066
-0.450523  3.23774
-0.45969  3.25132
-0.498971  3.22067
-0.507047  3.22632
-0.547334  3.20476
-0.551606  3.18975
-0.592631  3.1753
-0.599954  3.176
-0.64017  3.15879
-0.648653  3.16434
-0.684209  3.12884
-0.691154  3.12757
-0.733021  3.11949
-0.740238  3.11917
-0.774628  3.08425
-0.782149  3.08488
-0.8187  3.05989
-0.827715  3.06529
-0.868886  3.05577
-0.871915  3.04209
-0.913693  3.03462
-0.921682  3.03615
-0.95328  2.99956
-0.96235  3.00388
-0.999739  2.98449
-1.00572  2.98036
-1.04113  2.95654
-1.0508  2.9617
-1.08611  2.93808
-1.09513  2.94134
-1.09789  2.94703
-1.13521  2.9289
-1.1423  2.92754
-1.14615  2.92237
-1.17718  2.90336
-1.18219  2.89745
-1.19486  2.90078
-1.21816  2.87623
-1.22747  2.87935
-1.24189  2.87455
-1.26307  2.85737
-1.27337  2.86222
-1.28948  2.85137
-1.30349  2.82974
-1.31484  2.8363
-1.33652  2.82742
-1.35297  2.81899
-1.3611  2.81933
-1.38572  2.81022
-1.3975  2.79858
-1.40418  2.79629
-1.43141  2.78375
-1.43813  2.77135
-1.44686  2.77249
-1.47798  2.76025
-1.48193  2.74939
-1.49283  2.75389
-1.52481  2.73783
-1.52919  2.73251
-1.53804  2.73357
-1.57201  2.71644
-1.57186  2.70806
-1.58076  2.70908
-1.61756  2.69151
-1.61757  2.68776
-1.62081  2.68053
-1.6626  2.66583
-1.66362  2.66739
-1.66737  2.66103
-1.70646  2.64212
-1.70937  2.64385
-1.71792  2.64621
-1.75321  2.62157
-1.75624  2.62194
-1.76479  2.62558
-1.80102  2.60165
-1.80178  2.59745
-1.80706  2.59855
-1.84609  2.57766
-1.84639  2.5713
-1.85724  2.58071
-1.8948  2.55732
-1.89513  2.55211
-1.90212  2.55575
-1.94602  2.53893
-1.93944  2.5252
-1.95001  2.53362
-1.99785  2.52014
-1.98543  2.50089
-1.99567  2.50827
-2.03645  2.4865
-2.0355  2.48239
-2.04311  2.48416
-2.09141  2.46918
-2.07856  2.45304
-2.09595  2.46471
-2.12696  2.43106
-2.13418  2.43874
-2.14155  2.43709
-2.1721  2.40413
-2.18454  2.41497
-2.1963  2.41741
-2.22113  2.3819
-2.2362  2.39141
-2.24433  2.39041
-2.26993  2.35868
-2.29146  2.36996
-2.30112  2.37024
-2.31976  2.33602
-2.34282  2.34397
-2.34947  2.34161
-2.36415  2.30628
-2.39474  2.31742
-2.40371  2.31695
-2.41475  2.28316
-2.45037  2.29274
-2.45623  2.28976
-2.46514  2.25897
-2.50268  2.26429
-2.51171  2.26374
-2.51185  2.2301
-2.55715  2.23637
-2.5654  2.23518
-2.56594  2.20809
-2.59996  2.19906
-2.60087  2.19265
-2.61775  2.18278
-2.63065  2.15294
-2.63977  2.15225
-2.64093  2.12962
-2.68983  2.12548
-2.70148  2.12638
-2.68663  2.09783
-2.74714  2.09542
-2.76054  2.09729
-2.74018  2.07233
-2.81362  2.06958
-2.82024  2.06719
-2.79431  2.04625
-2.8757  2.03943
-2.85211  2.02207
-2.87973  2.03553
-2.90666  1.99401
-2.94106  2.00957
-2.94856  2.00766
-2.96336  1.96647
-3.00625  1.97794
-3.01551  1.97695
-3.02148  1.93874
-3.07299  1.94544
-3.08495  1.94577
-3.07941  1.90957
-3.01567  1.85019
-3.01151  1.84249
-2.90712  1.73445
-3.01641  1.79685
-2.91191  1.7312
-2.89856  1.66926
-2.90151  1.66523
-2.92022  1.66719
-2.90701  1.61268
-2.90808  1.60792
-2.91678  1.60227
-2.93288  1.56375
-2.93947  1.56135
-2.92382  1.54523
-2.97565  1.52116
-2.9841  1.51948
-2.95645  1.50405
-2.99975  1.46854
-3.05723  1.49193
-3.07789  1.4947
-3.06022  1.44144
-3.33418  1.52824
-3.34077  1.52581
-3.2788  1.49411
-3.30638  1.45437
-3.30822  1.45039
-3.36005  1.47061
-3.27131  1.38005
-3.27597  1.37705
-3.3165  1.38591
-3.2385  1.30841
-3.24123  1.30488
-3.27732  1.30606
-3.23901  1.22919
-3.19708  1.1533
-3.15991  1.0818
-3.123  1.01264
-3.08548  0.94544
-3.04932  0.880798
-3.02417  0.821562
-2.99969  0.764035
-2.96148  0.704201
-2.94332  0.651345
-2.9212  0.598652
-2.8863  0.544392
-2.85715  0.492897
-2.83388  0.443831
-2.80769  0.395408
-2.79046  0.349467
-2.76047  0.30274
-2.73855  0.258143
-2.71082  0.213948
-2.70123  0.172202
-2.68291  0.130405
-2.66085  0.0891843
-2.63306  0.0486661
-2.61056  0.00916904
